title / 1,395,396

subtitle / 2

scene_title / 3,36,259,397,898,1330,1724,2373,2796,3157,3262,3416,3495,3732,3802,4012,4054,4235,4278,4464,4530,4567,4772,4848,5333,5559,5591,5605

character_list / 37,260,261,1021,1725,4279,4465,4600,4774,4850,5561,5592

stage_direction / 389,398,476,494,508,531,532,576,582,587,681,818,899,1071,1118,1140,1329,1378,1480,2098,2102,2104,2122,2292,2336,2339,2343,2374,2384,2407,2427,2451,2492,2532,2548,2573,2647,2659,2669,2676,2691,2701,2705,2717,2746,2721,2741,2751,2761,2765,2786,2797,2798,2849,2852,2869,2877,2887,2908,2923,2925,2946,2950,2954,2972,2978,2985,2987,2994,3034,3052,3061,3072,3123,3129,3130,3154,3158,3165,3177,3255,3261,3263,3265,3272,3273,3280,3290,3306,3349,3358,3361,3367,3392,3406,3417,3489,3494,3503,3506,3539,3544,3548,3697,3703,3733,3803,3804,3815,3821,3838,3905,3931,3956,3965,3974,3980,3992,4013,4019,4021,4023,4045,4053,4090,4139,4237,4428,4429,4466,4517,4519,4531,4533,4641,4714,4771,4773,4802,4847,5066,5134,5160,5260,5270,5371,5427,5433,5554,5578,5615,5628,5637,5644,5681,5694,5708,5723,5729,5881

entrance / 819

slugline / 4568,4849,5334,5560,5606

stanza_start / 4

stanza_end / 11,19,27,35,64,73,81,96,112,117,144,169,196,211,228,246,258,270,279,288,293,316,320,324,326,328,330,339,344,348,352,358,366,373,388,394,431,443,455,463,475,493,501,507,530,534,536,540,542,556,559,569,572,575,581,586,594,597,602,615,618,629,638,643,648,661,664,673,680,686,694,703,714,720,732,736,766,770,782,800,817,825,833,842,848,872,885,897,901,903,905,907,909,911,913,917,921,923,925,930,933,938,943,950,955,962,971,980,985,990,995,1000,1008,1020,1060,1069,1079,1087,1095,1103,1114,1117,1133,1136,1139,1152,1187,1196,1233,1244,1261,1283,1285,1287,1289,1292,1297,1300,1303,1306,1308,1312,1314,1320,1323,1328,1339,1347,1355,1377,1392,1413,1426,1433,1439,1448,1454,1459,1460,1466,1478,1481,1484,1487,1489,1494,1500,1503,1505,1513,1515,1529,1533,1551,1558,1562,1568,1572,1577,1581,1585,1589,1591,1595,1599,1606,1609,1612,1617,1622,1625,1637,1697,1708,1718,1723,1727,1729,1731,1733,1735,1748,1777,1779,1786,1789,1791,1793,1818,1839,1848,1862,1864,1866,1872,1877,1889,1894,1908,1913,1921,1923,1933,1935,1940,1945,1964,1969,1972,1974,1994,2000,2012,2022,2024,2043,2047,2052,2059,2078,2080,2090,2092,2097,2101,2121,2127,2131,2137,2139,2147,2154,2157,2160,2165,2168,2173,2208,2210,2214,2217,2234,2239,2241,2243,2254,2258,2269,2271,2279,2288,2291,2318,2320,2323,2327,2329,2333,2335,2338,2342,2345,2350,2357,2360,2363,2372,2379,2382,2385,2387,2389,2393,2396,2399,2402,2404,2406,2409,2419,2422,2424,2426,2430,2442,2450,2458,2460,2468,2470,2478,2480,2484,2486,2491,2503,2507,2510,2512,2518,2520,2522,2524,2527,2529,2531,2533,2537,2539,2542,2547,2550,2552,2554,2559,2561,2563,2565,2567,2569,2572,2575,2578,2587,2592,2601,2609,2612,2614,2616,2618,2620,2623,2625,2629,2631,2636,2638,2640,2643,2645,2648,2650,2652,2654,2657,2660,2662,2664,2667,2674,2678,2680,2683,2688,2690,2698,2699,2702,2704,2708,2710,2712,2715,2718,2720,2722,2725,2727,2729,2732,2734,2737,2739,2742,2745,2750,2753,2755,2757,2760,2764,2767,2769,2771,2773,2776,2778,2781,2785,2787,2789,2791,2793,2795,2809,2814,2816,2828,2832,2834,2837,2848,2851,2853,2857,2859,2861,2863,2865,2868,2871,2873,2875,2883,2886,2902,2914,2917,2919,2922,2937,2945,2948,2953,2957,2961,2965,2968,2971,2977,2984,2993,3002,3006,3018,3021,3023,3025,3033,3037,3040,3042,3046,3051,3054,3059,3066,3071,3086,3088,3102,3109,3114,3121,3128,3132,3134,3137,3140,3147,3150,3153,3156,3161,3164,3176,3179,3181,3183,3190,3192,3198,3205,3209,3213,3222,3224,3230,3235,3240,3242,3248,3250,3252,3254,3260,3271,3275,3277,3279,3289,3305,3314,3318,3322,3326,3328,3330,3338,3340,3348,3357,3366,3371,3375,3379,3383,3387,3391,3405,3415,3420,3423,3426,3429,3458,3461,3468,3470,3475,3479,3481,3486,3488,3493,3502,3505,3508,3510,3516,3519,3521,3523,3526,3535,3541,3543,3547,3549,3551,3556,3559,3563,3567,3569,3573,3576,3578,3580,3583,3585,3587,3592,4078,4241,4245,4249,4253,4257,4261,4265,4269,4536,4539,4542,4548,4554,4558,4562,4566,4595,4649,4730,4740,4898,4903,4911,4928,

speech_heading / 38,65,82,97,113,118,145,170,197,212,229,262,271,280,289,294,317,321,325,327,329,331,340,345,349,353,359,367,374,390,399,533,535,537,541,543,557,560,570,573,577,588,595,598,603,616,619,630,639,644,649,662,665,674,682,820,826,834,843,849,873,886,900,902,904,906,908,910,912,914,918,922,924,926,931,934,939,944,951,956,963,972,981,986,991,996,1001,1022,1061,1070,1104,1115,1119,1134,1137,1141,1153,1188,1197,1234,1245,1262,1284,1286,1288,1290,1293,1298,1301,1304,1307,1309,1313,1315,1321,1324,1331,1414,1427,1479,1482,1485,1488,1490,1495,1501,1504,1506,1514,1516,1530,1534,1552,1559,1563,1569,1573,1578,1582,1586,1590,1592,1596,1600,1607,1610,1613,1618,1623,1626,1638,1698,1719,1726,1728,1730,1732,1734,1736,1749,1778,1780,1787,1790,1792,1794,1819,1840,1863,1865,1867,1873,1878,1890,1895,1909,1914,1922,1924,1934,1936,1941,1946,1965,1970,1973,1975,1995,2001,2013,2023,2025,2044,2048,2053,2060,2079,2081,2091,2093,2103,2123,2128,2132,2138,2140,2148,2155,2158,2161,2166,2169,2174,2209,2211,2215,2218,2235,2240,2242,2244,2255,2259,2270,2272,2280,2289,2319,2321,2324,2328,2330,2334,2337,2340,2344,2346,2351,2358,2361,2364,2375,2380,2383,2386,2388,2390,2394,2397,2400,2403,2405,2410,2420,2423,2425,2431,2443,2459,2461,2469,2471,2479,2481,2485,2487,2493,2504,2508,2511,2513,2519,2521,2523,2525,2528,2530,2534,2538,2540,2543,2549,2551,2553,2555,2560,2562,2564,2566,2568,2570,2576,2579,2588,2593,2610,2613,2615,2617,2619,2621,2624,2626,2630,2632,2637,2639,2641,2644,2646,2649,2651,2653,2655,2658,2661,2663,2665,2668,2670,2675,2679,2681,2684,2689,2692,2700,2703,2706,2709,2711,2713,2716,2719,2723,2726,2728,2730,2733,2735,2738,2740,2743,2747,2752,2754,2756,2758,2762,2766,2768,2770,2772,2774,2777,2779,2782,2788,2790,2792,2794,2799,2810,2815,2817,2829,2833,2835,2838,2854,2858,2860,2862,2864,2866,2872,2874,2876,2884,2888,2903,2905,2912,2914,2918,2920,2924,2938,2949,2958,2960,2962,2966,2969,2973,2986,3003,3007,3019,3022,3024,3026,3035,3038,3041,3043,3047,3055,3060,3062,3067,3073,3087,3089,3103,3110,3115,3122,3124,3131,3133,3135,3138,3141,3148,3151,3159,3162,3166,3178,3180,3182,3184,3191,3193,3199,3206,3210,3214,3223,3225,3231,3236,3241,3243,3249,3251,3253,3256,3264,3274,3276,3278,3281,3327,3329,3331,3339,3341,3359,3418,3421,3424,3427,3430,3459,3462,3469,3471,3476,3480,3482,3487,3490,3496,3507,3509,3511,3517,3520,3522,3524,3527,3536,3540,3542,3545,3550,3552,3557,3560,3564,3568,3570,3574,3577,3579,3581,3584,3586,3588,3593,3595,3599,3604,3609,3612,3615,3617,3621,3623,3625,3627,3636,3638,3640,3642,3649,3652,3662,3664,3670,3674,3679,3686,3692,3694,3699,3701,3705,3707,3713,3719,3721,3725,3727,3729,3734,3736,3742,3744,3746,3748,3752,3754,3757,3759,3770,3772,3777,3779,3784,3793,3795,3805,3812,3816,3822,3824,3828,3834,3836,3839,3844,3847,3849,3854,3857,3859,3876,3878,3890,3892,3906,3909,3912,3915,3918,3920,3922,3924,3926,3928,3932,3935,3937,3941,3952,3954,3957,3959,3961,3963,3966,3968,3970,3972,3976,3981,3983,3991,3993,3995,3997,4005,4008,4010,4014,4016,4020,4024,4026,4028,4030,4032,4034,4036,4038,4041,4043,4046,4055,4091,4096,4099,4107,4110,4123,4128,4141,4143,4175,4177,4179,4184,4187,4192,4195,4197,4205,4226,4236,4280,4282,4284,4288,4292,4294,4296,4299,4301,4305,4311,4313,4342,4346,4351,4355,4357,4360,4362,4368,4370,4377,4379,4390,4392,4399,4401,4403,4407,4413,4418,4421,4423,4430,4432,4434,4441,4448,4451,4453,4460,4462,4467,4469,4471,4475,4477,4480,4482,4494,4496,4505,4507,4511,4513,4518,4532,4569,4601,4607,4617,4620,4625,4628,4631,4634,4658,4663,4665,4667,4672,4674,4676,4678,4680,4683,4685,4687,4693,4695,4697,4699,4701,4703,4705,4707,4709,4721,4723,4755,4758,4763,4765,4775,4794,4799,4803,4812,4818,4822,4828,4833,4837,4843,4845,4851,4855,4866,4879,4883,4887,4893,4935,4940,4957,4962,4965,4984,4991,4994,4999,5001,5005,5008,5011,5016,5021,5016,5021,5026,5028,5032,5037,5039,5041,5046,5051,5056,5061,5067,5074,5076,5086,5091,5095,5100,5120,5123,5139,5144,5149,5154,5159,5165,5180,5185,5188,5191,5193,5196,5198,5204,5207,5210,5215,5220,5225,5230,5235,5237,5247,5254,5256,5265,5273,5276,5280,5282,5284,5291,5298,5303,5306,5312,5322,5330,5335,5340,5345,5350,5355,5360,5365,5370,5376,5381,5386,5391,5396,5401,5406,5411,5416,5421,5426,5432,5438,5443,5448,5453,5458,5463,5468,5473,5478,5483,5488,5493,5498,5503,5508,5513,5518,5523,5528,5533,5538,5543,5548,5553,5562,5564,5566,5568,5570,5572,5574,5576,5579,5581,5583,5585,5587,5589,5593,5595,5597,5599,5601,5603,5607,5625,5629,5631,5633,5635,5638,5654,5656,5666,5669,5677,5679,5690,5692,5703,5705,5709,5713,5730,5734,5736,5738,5743,5745,5757,5760,5777,5779,5781,5783,5789,5791,5798,5800,5813,5816,5826,5829,5833,5835,5852,5854,5859,5864,5866,5868,5870,5875,5877,5879,5882
